378320.3125 24.3701171875
413867.1875 19.8876953125
413867.1875 19.8876953125
378320.3125 24.3701171875
378320.3125 19.8876953125
213867.1875 69.3701171875
178320.3125 69.3701171875
213867.1875 64.8876953125
213867.1875 64.8876953125
178320.3125 69.3701171875
178320.3125 64.8876953125
263867.1875 13.1201171875
228320.3125 13.1201171875
263867.1875 76.1376953125
263867.1875 76.1376953125
228320.3125 13.1201171875
228320.3125 76.1376953125
463867.1875 58.1201171875
428320.3125 58.1201171875
463867.1875 31.1376953125
463867.1875 31.1376953125
428320.3125 58.1201171875
428320.3125 31.1376953125
363867.1875 35.6201171875
128320.3125 35.6201171875
363867.1875 98.6376953125
363867.1875 98.6376953125
128320.3125 35.6201171875
128320.3125 98.6376953125
163867.1875 80.6201171875
328320.3125 80.6201171875
163867.1875 53.6376953125
163867.1875 53.6376953125
328320.3125 80.6201171875
328320.3125 53.6376953125
188867.1875 29.9951171875
103320.3125 29.9951171875
188867.1875 25.5126953125
188867.1875 25.5126953125
103320.3125 29.9951171875
103320.3125 25.5126953125
388867.1875 74.9951171875
303320.3125 74.9951171875
388867.1875 70.5126953125
388867.1875 70.5126953125
303320.3125 74.9951171875
303320.3125 70.5126953125
488867.1875 52.4951171875
203320.3125 52.4951171875
488867.1875 48.0126953125
488867.1875 48.0126953125
203320.3125 52.4951171875
203320.3125 48.0126953125
288867.1875 97.4951171875
403320.3125 97.4951171875
288867.1875 93.0126953125
288867.1875 93.0126953125
403320.3125 97.4951171875
403320.3125 93.0126953125
238867.1875 41.2451171875
353320.3125 41.2451171875
238867.1875 81.7626953125
238867.1875 81.7626953125
353320.3125 41.2451171875
353320.3125 81.7626953125
438867.1875 86.2451171875
153320.3125 86.2451171875
438867.1875 36.7626953125
438867.1875 36.7626953125
153320.3125 86.2451171875
153320.3125 36.7626953125
338867.1875 18.7451171875
453320.3125 18.7451171875
338867.1875 59.2626953125
338867.1875 59.2626953125
453320.3125 18.7451171875
453320.3125 59.2626953125
138867.1875 63.7451171875
253320.3125 63.7451171875
138867.1875 14.2626953125
138867.1875 14.2626953125
253320.3125 63.7451171875
253320.3125 14.2626953125
126367.1875 15.9326171875
315820.3125 15.9326171875
126367.1875 95.8251953125
126367.1875 95.8251953125
315820.3125 15.9326171875
315820.3125 95.8251953125
326367.1875 60.9326171875
115820.3125 60.9326171875
326367.1875 50.8251953125
326367.1875 50.8251953125
115820.3125 60.9326171875
115820.3125 50.8251953125
426367.1875 38.4326171875
415820.3125 38.4326171875
426367.1875 73.3251953125
426367.1875 73.3251953125
415820.3125 38.4326171875
415820.3125 73.3251953125
226367.1875 83.4326171875
215820.3125 83.4326171875
226367.1875 28.3251953125
226367.1875 28.3251953125
215820.3125 83.4326171875
215820.3125 28.3251953125
276367.1875 49.6826171875
165820.3125 49.6826171875
276367.1875 17.0751953125
276367.1875 17.0751953125
165820.3125 49.6826171875
165820.3125 17.0751953125
476367.1875 94.6826171875
365820.3125 94.6826171875
476367.1875 62.0751953125
476367.1875 62.0751953125
365820.3125 94.6826171875
365820.3125 62.0751953125
376367.1875 27.1826171875
265820.3125 27.1826171875
376367.1875 39.5751953125
376367.1875 39.5751953125
265820.3125 27.1826171875
265820.3125 39.5751953125
176367.1875 72.1826171875
465820.3125 72.1826171875
176367.1875 84.5751953125
176367.1875 84.5751953125
465820.3125 72.1826171875
465820.3125 84.5751953125
151367.1875 32.8076171875
290820.3125 32.8076171875
151367.1875 56.4501953125
151367.1875 56.4501953125
290820.3125 32.8076171875
290820.3125 56.4501953125
351367.1875 77.8076171875
490820.3125 77.8076171875
351367.1875 11.4501953125
351367.1875 11.4501953125
490820.3125 77.8076171875
490820.3125 11.4501953125
451367.1875 10.3076171875
190820.3125 10.3076171875
451367.1875 78.9501953125
451367.1875 78.9501953125
190820.3125 10.3076171875
190820.3125 78.9501953125
251367.1875 55.3076171875
390820.3125 55.3076171875
251367.1875 33.9501953125
251367.1875 33.9501953125
390820.3125 55.3076171875
390820.3125 33.9501953125
201367.1875 21.5576171875
440820.3125 21.5576171875
201367.1875 45.2001953125
201367.1875 45.2001953125
440820.3125 21.5576171875
440820.3125 45.2001953125
401367.1875 66.5576171875
240820.3125 66.5576171875
401367.1875 90.2001953125
401367.1875 90.2001953125
240820.3125 66.5576171875
240820.3125 90.2001953125
301367.1875 44.0576171875
340820.3125 44.0576171875
301367.1875 22.7001953125
301367.1875 22.7001953125
340820.3125 44.0576171875
340820.3125 22.7001953125
101367.1875 89.0576171875
140820.3125 89.0576171875
101367.1875 67.7001953125
101367.1875 67.7001953125
140820.3125 89.0576171875
140820.3125 67.7001953125
100976.5625 21.2939453125
310742.1875 21.2939453125
100976.5625 55.4833984375
100976.5625 55.4833984375
310742.1875 21.2939453125
310742.1875 55.4833984375
300976.5625 66.2939453125
110742.1875 66.2939453125
300976.5625 10.4833984375
300976.5625 10.4833984375
110742.1875 66.2939453125
110742.1875 10.4833984375
400976.5625 43.7939453125
410742.1875 43.7939453125
400976.5625 77.9833984375
400976.5625 77.9833984375
410742.1875 43.7939453125
410742.1875 77.9833984375
200976.5625 88.7939453125
210742.1875 88.7939453125
200976.5625 32.9833984375
200976.5625 32.9833984375
210742.1875 88.7939453125
210742.1875 32.9833984375
250976.5625 32.5439453125
160742.1875 32.5439453125
250976.5625 44.2333984375
250976.5625 44.2333984375
160742.1875 32.5439453125
160742.1875 44.2333984375
450976.5625 77.5439453125
360742.1875 77.5439453125
450976.5625 89.2333984375
450976.5625 89.2333984375
360742.1875 77.5439453125
360742.1875 89.2333984375
350976.5625 10.0439453125
260742.1875 10.0439453125
350976.5625 21.7333984375
350976.5625 21.7333984375
260742.1875 10.0439453125
260742.1875 21.7333984375
150976.5625 55.0439453125
460742.1875 55.0439453125
150976.5625 66.7333984375
150976.5625 66.7333984375
460742.1875 55.0439453125
460742.1875 66.7333984375
175976.5625 49.4189453125
285742.1875 49.4189453125
175976.5625 94.8583984375
175976.5625 94.8583984375
285742.1875 49.4189453125
285742.1875 94.8583984375
375976.5625 94.4189453125
485742.1875 94.4189453125
375976.5625 49.8583984375
375976.5625 49.8583984375
485742.1875 94.4189453125
485742.1875 49.8583984375
475976.5625 26.9189453125
185742.1875 26.9189453125
475976.5625 72.3583984375
475976.5625 72.3583984375
185742.1875 26.9189453125
185742.1875 72.3583984375
275976.5625 71.9189453125
385742.1875 71.9189453125
275976.5625 27.3583984375
275976.5625 27.3583984375
385742.1875 71.9189453125
385742.1875 27.3583984375
225976.5625 15.6689453125
435742.1875 15.6689453125
225976.5625 16.1083984375
225976.5625 16.1083984375
435742.1875 15.6689453125
435742.1875 16.1083984375
425976.5625 60.6689453125
235742.1875 60.6689453125
425976.5625 61.1083984375
425976.5625 61.1083984375
235742.1875 60.6689453125
235742.1875 61.1083984375
325976.5625 38.1689453125
335742.1875 38.1689453125
325976.5625 38.6083984375
325976.5625 38.6083984375
335742.1875 38.1689453125
335742.1875 38.6083984375
125976.5625 83.1689453125
135742.1875 83.1689453125
125976.5625 83.6083984375
125976.5625 83.6083984375
135742.1875 83.1689453125
135742.1875 83.6083984375
138476.5625 40.9814453125
498242.1875 40.9814453125
138476.5625 24.5458984375
138476.5625 24.5458984375
498242.1875 40.9814453125
498242.1875 24.5458984375
338476.5625 85.9814453125
298242.1875 85.9814453125
338476.5625 69.5458984375
338476.5625 69.5458984375
298242.1875 85.9814453125
298242.1875 69.5458984375
438476.5625 18.4814453125
398242.1875 18.4814453125
438476.5625 47.0458984375
438476.5625 47.0458984375
398242.1875 18.4814453125
398242.1875 47.0458984375
238476.5625 63.4814453125
198242.1875 63.4814453125
238476.5625 92.0458984375
238476.5625 92.0458984375
198242.1875 63.4814453125
198242.1875 92.0458984375
288476.5625 29.7314453125
248242.1875 29.7314453125
288476.5625 80.7958984375
288476.5625 80.7958984375
248242.1875 29.7314453125
248242.1875 80.7958984375
488476.5625 74.7314453125
448242.1875 74.7314453125
488476.5625 35.7958984375
488476.5625 35.7958984375
448242.1875 74.7314453125
448242.1875 35.7958984375
388476.5625 52.2314453125
148242.1875 52.2314453125
388476.5625 58.2958984375
388476.5625 58.2958984375
148242.1875 52.2314453125
148242.1875 58.2958984375
188476.5625 97.2314453125
348242.1875 97.2314453125
188476.5625 13.2958984375
188476.5625 13.2958984375
348242.1875 97.2314453125
348242.1875 13.2958984375
163476.5625 12.8564453125
123242.1875 12.8564453125
163476.5625 41.4208984375
163476.5625 41.4208984375
123242.1875 12.8564453125
123242.1875 41.4208984375
363476.5625 57.8564453125
323242.1875 57.8564453125
363476.5625 86.4208984375
363476.5625 86.4208984375
323242.1875 57.8564453125
323242.1875 86.4208984375
463476.5625 35.3564453125
223242.1875 35.3564453125
463476.5625 18.9208984375
463476.5625 18.9208984375
223242.1875 35.3564453125
223242.1875 18.9208984375
263476.5625 80.3564453125
423242.1875 80.3564453125
263476.5625 63.9208984375
263476.5625 63.9208984375
423242.1875 80.3564453125
423242.1875 63.9208984375
213476.5625 46.6064453125
373242.1875 46.6064453125
213476.5625 75.1708984375
213476.5625 75.1708984375
373242.1875 46.6064453125
373242.1875 75.1708984375
413476.5625 91.6064453125
173242.1875 91.6064453125
413476.5625 30.1708984375
413476.5625 30.1708984375
173242.1875 91.6064453125
173242.1875 30.1708984375
313476.5625 24.1064453125
473242.1875 24.1064453125
313476.5625 97.6708984375
313476.5625 97.6708984375
473242.1875 24.1064453125
473242.1875 97.6708984375
113476.5625 69.1064453125
273242.1875 69.1064453125
113476.5625 52.6708984375
113476.5625 52.6708984375
273242.1875 69.1064453125
273242.1875 52.6708984375
119726.5625 45.2001953125
179492.1875 45.2001953125
119726.5625 14.7021484375
119726.5625 14.7021484375
179492.1875 45.2001953125
179492.1875 14.7021484375
319726.5625 90.2001953125
379492.1875 90.2001953125
319726.5625 59.7021484375
319726.5625 59.7021484375
379492.1875 90.2001953125
379492.1875 59.7021484375
419726.5625 22.7001953125
279492.1875 22.7001953125
419726.5625 37.2021484375
419726.5625 37.2021484375
279492.1875 22.7001953125
279492.1875 37.2021484375
219726.5625 67.7001953125
479492.1875 67.7001953125
219726.5625 82.2021484375
219726.5625 82.2021484375
479492.1875 67.7001953125
479492.1875 82.2021484375
269726.5625 11.4501953125
329492.1875 11.4501953125
269726.5625 93.4521484375
269726.5625 93.4521484375
329492.1875 11.4501953125
329492.1875 93.4521484375
469726.5625 56.4501953125
129492.1875 56.4501953125
469726.5625 48.4521484375
469726.5625 48.4521484375
129492.1875 56.4501953125
129492.1875 48.4521484375
369726.5625 33.9501953125
429492.1875 33.9501953125
369726.5625 70.9521484375
369726.5625 70.9521484375
429492.1875 33.9501953125
429492.1875 70.9521484375
169726.5625 78.9501953125
229492.1875 78.9501953125
169726.5625 25.9521484375
169726.5625 25.9521484375
229492.1875 78.9501953125
229492.1875 25.9521484375
194726.5625 28.3251953125
404492.1875 28.3251953125
194726.5625 54.0771484375
194726.5625 54.0771484375
404492.1875 28.3251953125
404492.1875 54.0771484375
394726.5625 73.3251953125
204492.1875 73.3251953125
394726.5625 99.0771484375
394726.5625 99.0771484375
204492.1875 73.3251953125
204492.1875 99.0771484375
494726.5625 50.8251953125
304492.1875 50.8251953125
494726.5625 31.5771484375
494726.5625 31.5771484375
304492.1875 50.8251953125
304492.1875 31.5771484375
294726.5625 95.8251953125
104492.1875 95.8251953125
294726.5625 76.5771484375
294726.5625 76.5771484375
104492.1875 95.8251953125
104492.1875 76.5771484375
244726.5625 39.5751953125
254492.1875 39.5751953125
244726.5625 65.3271484375
244726.5625 65.3271484375
254492.1875 39.5751953125
254492.1875 65.3271484375
444726.5625 84.5751953125
454492.1875 84.5751953125
444726.5625 20.3271484375
444726.5625 20.3271484375
454492.1875 84.5751953125
454492.1875 20.3271484375
344726.5625 17.0751953125
154492.1875 17.0751953125
344726.5625 87.8271484375
344726.5625 87.8271484375
154492.1875 17.0751953125
154492.1875 87.8271484375
144726.5625 62.0751953125
354492.1875 62.0751953125
144726.5625 42.8271484375
144726.5625 42.8271484375
354492.1875 62.0751953125
354492.1875 42.8271484375
132226.5625 19.8876953125
216992.1875 19.8876953125
132226.5625 68.1396484375
132226.5625 68.1396484375
216992.1875 19.8876953125
216992.1875 68.1396484375
332226.5625 64.8876953125
416992.1875 64.8876953125
332226.5625 23.1396484375
332226.5625 23.1396484375
416992.1875 64.8876953125
416992.1875 23.1396484375
432226.5625 42.3876953125
116992.1875 42.3876953125
432226.5625 90.6396484375
432226.5625 90.6396484375
116992.1875 42.3876953125
116992.1875 90.6396484375
232226.5625 87.3876953125
316992.1875 87.3876953125
232226.5625 45.6396484375
232226.5625 45.6396484375
316992.1875 87.3876953125
316992.1875 45.6396484375
282226.5625 53.6376953125
466992.1875 53.6376953125
282226.5625 34.3896484375
282226.5625 34.3896484375
466992.1875 53.6376953125
466992.1875 34.3896484375
482226.5625 98.6376953125
266992.1875 98.6376953125
482226.5625 79.3896484375
482226.5625 79.3896484375
266992.1875 98.6376953125
266992.1875 79.3896484375
382226.5625 31.1376953125
366992.1875 31.1376953125
382226.5625 11.8896484375
382226.5625 11.8896484375
366992.1875 31.1376953125
366992.1875 11.8896484375
182226.5625 76.1376953125
166992.1875 76.1376953125
182226.5625 56.8896484375
182226.5625 56.8896484375
166992.1875 76.1376953125
166992.1875 56.8896484375
157226.5625 36.7626953125
391992.1875 36.7626953125
157226.5625 85.0146484375
157226.5625 85.0146484375
391992.1875 36.7626953125
391992.1875 85.0146484375
357226.5625 81.7626953125
191992.1875 81.7626953125
357226.5625 40.0146484375
357226.5625 40.0146484375
191992.1875 81.7626953125
191992.1875 40.0146484375
457226.5625 14.2626953125
491992.1875 14.2626953125
457226.5625 62.5146484375
457226.5625 62.5146484375
491992.1875 14.2626953125
491992.1875 62.5146484375
257226.5625 59.2626953125
291992.1875 59.2626953125
257226.5625 17.5146484375
257226.5625 17.5146484375
291992.1875 59.2626953125
291992.1875 17.5146484375
207226.5625 25.5126953125
141992.1875 25.5126953125
207226.5625 28.7646484375
207226.5625 28.7646484375
141992.1875 25.5126953125
141992.1875 28.7646484375
407226.5625 70.5126953125
341992.1875 70.5126953125
407226.5625 73.7646484375
407226.5625 73.7646484375
341992.1875 70.5126953125
341992.1875 73.7646484375
307226.5625 48.0126953125
241992.1875 48.0126953125
307226.5625 51.2646484375
307226.5625 51.2646484375
241992.1875 48.0126953125
241992.1875 51.2646484375
107226.5625 93.0126953125
441992.1875 93.0126953125
107226.5625 96.2646484375
107226.5625 96.2646484375
441992.1875 93.0126953125
441992.1875 96.2646484375
110351.5625 34.6533203125
232617.1875 34.6533203125
110351.5625 40.7177734375
110351.5625 40.7177734375
232617.1875 34.6533203125
232617.1875 40.7177734375
310351.5625 79.6533203125
432617.1875 79.6533203125
310351.5625 85.7177734375
310351.5625 85.7177734375
432617.1875 79.6533203125
432617.1875 85.7177734375
410351.5625 12.1533203125
132617.1875 12.1533203125
410351.5625 18.2177734375
410351.5625 18.2177734375
132617.1875 12.1533203125
132617.1875 18.2177734375
210351.5625 57.1533203125
332617.1875 57.1533203125
210351.5625 63.2177734375
210351.5625 63.2177734375
332617.1875 57.1533203125
332617.1875 63.2177734375
260351.5625 23.4033203125
482617.1875 23.4033203125
260351.5625 74.4677734375
260351.5625 74.4677734375
482617.1875 23.4033203125
482617.1875 74.4677734375
460351.5625 68.4033203125
282617.1875 68.4033203125
460351.5625 29.4677734375
460351.5625 29.4677734375
282617.1875 68.4033203125
282617.1875 29.4677734375
360351.5625 45.9033203125
382617.1875 45.9033203125
360351.5625 96.9677734375
360351.5625 96.9677734375
382617.1875 45.9033203125
382617.1875 96.9677734375
160351.5625 90.9033203125
182617.1875 90.9033203125
160351.5625 51.9677734375
160351.5625 51.9677734375
182617.1875 90.9033203125
182617.1875 51.9677734375
185351.5625 17.7783203125
357617.1875 17.7783203125
185351.5625 23.8427734375
185351.5625 23.8427734375
357617.1875 17.7783203125
357617.1875 23.8427734375
385351.5625 62.7783203125
157617.1875 62.7783203125
385351.5625 68.8427734375
385351.5625 68.8427734375
157617.1875 62.7783203125
157617.1875 68.8427734375
485351.5625 40.2783203125
457617.1875 40.2783203125
485351.5625 46.3427734375
485351.5625 46.3427734375
457617.1875 40.2783203125
457617.1875 46.3427734375
285351.5625 85.2783203125
257617.1875 85.2783203125
285351.5625 91.3427734375
285351.5625 91.3427734375
257617.1875 85.2783203125
257617.1875 91.3427734375
235351.5625 51.5283203125
107617.1875 51.5283203125
235351.5625 80.0927734375
235351.5625 80.0927734375
107617.1875 51.5283203125
107617.1875 80.0927734375
435351.5625 96.5283203125
307617.1875 96.5283203125
435351.5625 35.0927734375
435351.5625 35.0927734375
307617.1875 96.5283203125
307617.1875 35.0927734375
335351.5625 29.0283203125
207617.1875 29.0283203125
335351.5625 57.5927734375
335351.5625 57.5927734375
207617.1875 29.0283203125
207617.1875 57.5927734375
135351.5625 74.0283203125
407617.1875 74.0283203125
135351.5625 12.5927734375
135351.5625 12.5927734375
407617.1875 74.0283203125
407617.1875 12.5927734375
147851.5625 31.8408203125
170117.1875 31.8408203125
147851.5625 99.7802734375
147851.5625 99.7802734375
170117.1875 31.8408203125
170117.1875 99.7802734375
347851.5625 76.8408203125
370117.1875 76.8408203125
347851.5625 54.7802734375
347851.5625 54.7802734375
370117.1875 76.8408203125
370117.1875 54.7802734375
447851.5625 54.3408203125
270117.1875 54.3408203125
447851.5625 77.2802734375
447851.5625 77.2802734375
270117.1875 54.3408203125
270117.1875 77.2802734375
247851.5625 99.3408203125
470117.1875 99.3408203125
247851.5625 32.2802734375
247851.5625 32.2802734375
470117.1875 99.3408203125
470117.1875 32.2802734375
297851.5625 43.0908203125
320117.1875 43.0908203125
297851.5625 21.0302734375
297851.5625 21.0302734375
320117.1875 43.0908203125
320117.1875 21.0302734375
497851.5625 88.0908203125
120117.1875 88.0908203125
497851.5625 66.0302734375
497851.5625 66.0302734375
120117.1875 88.0908203125
120117.1875 66.0302734375
397851.5625 20.5908203125
420117.1875 20.5908203125
397851.5625 43.5302734375
397851.5625 43.5302734375
420117.1875 20.5908203125
420117.1875 43.5302734375
197851.5625 65.5908203125
220117.1875 65.5908203125
197851.5625 88.5302734375
197851.5625 88.5302734375
220117.1875 65.5908203125
220117.1875 88.5302734375
172851.5625 48.7158203125
445117.1875 48.7158203125
172851.5625 60.4052734375
172851.5625 60.4052734375
445117.1875 48.7158203125
445117.1875 60.4052734375
372851.5625 93.7158203125
245117.1875 93.7158203125
372851.5625 15.4052734375
372851.5625 15.4052734375
245117.1875 93.7158203125
245117.1875 15.4052734375
472851.5625 26.2158203125
345117.1875 26.2158203125
472851.5625 82.9052734375
472851.5625 82.9052734375
345117.1875 26.2158203125
345117.1875 82.9052734375
272851.5625 71.2158203125
145117.1875 71.2158203125
272851.5625 37.9052734375
272851.5625 37.9052734375
145117.1875 71.2158203125
145117.1875 37.9052734375
222851.5625 14.9658203125
295117.1875 14.9658203125
222851.5625 49.1552734375
222851.5625 49.1552734375
295117.1875 14.9658203125
295117.1875 49.1552734375
422851.5625 59.9658203125
495117.1875 59.9658203125
422851.5625 94.1552734375
422851.5625 94.1552734375
495117.1875 59.9658203125
495117.1875 94.1552734375
322851.5625 37.4658203125
195117.1875 37.4658203125
322851.5625 26.6552734375
322851.5625 26.6552734375
195117.1875 37.4658203125
195117.1875 26.6552734375
122851.5625 82.4658203125
395117.1875 82.4658203125
122851.5625 71.6552734375
122851.5625 71.6552734375
395117.1875 82.4658203125
395117.1875 71.6552734375
116601.5625 10.7470703125
451367.1875 10.7470703125
116601.5625 87.1240234375
116601.5625 87.1240234375
451367.1875 10.7470703125
451367.1875 87.1240234375
316601.5625 55.7470703125
251367.1875 55.7470703125
316601.5625 42.1240234375
316601.5625 42.1240234375
251367.1875 55.7470703125
251367.1875 42.1240234375
416601.5625 33.2470703125
351367.1875 33.2470703125
416601.5625 64.6240234375
416601.5625 64.6240234375
351367.1875 33.2470703125
351367.1875 64.6240234375
216601.5625 78.2470703125
151367.1875 78.2470703125
216601.5625 19.6240234375
216601.5625 19.6240234375
151367.1875 78.2470703125
151367.1875 19.6240234375
266601.5625 44.4970703125
201367.1875 44.4970703125
266601.5625 30.8740234375
266601.5625 30.8740234375
201367.1875 44.4970703125
201367.1875 30.8740234375
466601.5625 89.4970703125
401367.1875 89.4970703125
466601.5625 75.8740234375
466601.5625 75.8740234375
401367.1875 89.4970703125
401367.1875 75.8740234375
366601.5625 21.9970703125
101367.1875 21.9970703125
366601.5625 53.3740234375
366601.5625 53.3740234375
101367.1875 21.9970703125
101367.1875 53.3740234375
166601.5625 66.9970703125
301367.1875 66.9970703125
166601.5625 98.3740234375
166601.5625 98.3740234375
301367.1875 66.9970703125
301367.1875 98.3740234375
191601.5625 38.8720703125
126367.1875 38.8720703125
191601.5625 70.2490234375
191601.5625 70.2490234375
126367.1875 38.8720703125
126367.1875 70.2490234375
391601.5625 83.8720703125
326367.1875 83.8720703125
391601.5625 25.2490234375
391601.5625 25.2490234375
326367.1875 83.8720703125
326367.1875 25.2490234375
491601.5625 16.3720703125
226367.1875 16.3720703125
491601.5625 92.7490234375
491601.5625 92.7490234375
226367.1875 16.3720703125
226367.1875 92.7490234375
291601.5625 61.3720703125
426367.1875 61.3720703125
291601.5625 47.7490234375
291601.5625 47.7490234375
426367.1875 61.3720703125
426367.1875 47.7490234375
241601.5625 27.6220703125
376367.1875 27.6220703125
241601.5625 36.4990234375
241601.5625 36.4990234375
376367.1875 27.6220703125
376367.1875 36.4990234375
441601.5625 72.6220703125
176367.1875 72.6220703125
441601.5625 81.4990234375
441601.5625 81.4990234375
176367.1875 72.6220703125
176367.1875 81.4990234375
341601.5625 50.1220703125
476367.1875 50.1220703125
341601.5625 13.9990234375
341601.5625 13.9990234375
476367.1875 50.1220703125
476367.1875 13.9990234375
141601.5625 95.1220703125
276367.1875 95.1220703125
141601.5625 58.9990234375
141601.5625 58.9990234375
276367.1875 95.1220703125
276367.1875 58.9990234375
129101.5625 52.9345703125
338867.1875 52.9345703125
129101.5625 50.5615234375
129101.5625 50.5615234375
338867.1875 52.9345703125
338867.1875 50.5615234375
329101.5625 97.9345703125
138867.1875 97.9345703125
329101.5625 95.5615234375
329101.5625 95.5615234375
138867.1875 97.9345703125
138867.1875 95.5615234375
429101.5625 30.4345703125
438867.1875 30.4345703125
429101.5625 28.0615234375
429101.5625 28.0615234375
438867.1875 30.4345703125
438867.1875 28.0615234375
229101.5625 75.4345703125
238867.1875 75.4345703125
229101.5625 73.0615234375
229101.5625 73.0615234375
238867.1875 75.4345703125
238867.1875 73.0615234375
279101.5625 19.1845703125
188867.1875 19.1845703125
279101.5625 61.8115234375
279101.5625 61.8115234375
188867.1875 19.1845703125
188867.1875 61.8115234375
479101.5625 64.1845703125
388867.1875 64.1845703125
479101.5625 16.8115234375
479101.5625 16.8115234375
388867.1875 64.1845703125
388867.1875 16.8115234375
379101.5625 41.6845703125
288867.1875 41.6845703125
379101.5625 84.3115234375
379101.5625 84.3115234375
288867.1875 41.6845703125
288867.1875 84.3115234375
179101.5625 86.6845703125
488867.1875 86.6845703125
179101.5625 39.3115234375
179101.5625 39.3115234375
488867.1875 86.6845703125
488867.1875 39.3115234375
154101.5625 24.8095703125
263867.1875 24.8095703125
154101.5625 11.1865234375
154101.5625 11.1865234375
263867.1875 24.8095703125
263867.1875 11.1865234375
354101.5625 69.8095703125
463867.1875 69.8095703125
354101.5625 56.1865234375
354101.5625 56.1865234375
463867.1875 69.8095703125
463867.1875 56.1865234375
454101.5625 47.3095703125
163867.1875 47.3095703125
454101.5625 33.6865234375
454101.5625 33.6865234375
163867.1875 47.3095703125
163867.1875 33.6865234375
254101.5625 92.3095703125
363867.1875 92.3095703125
254101.5625 78.6865234375
254101.5625 78.6865234375
363867.1875 92.3095703125
363867.1875 78.6865234375
204101.5625 36.0595703125
413867.1875 36.0595703125
204101.5625 89.9365234375
204101.5625 89.9365234375
413867.1875 36.0595703125
413867.1875 89.9365234375
404101.5625 81.0595703125
213867.1875 81.0595703125
404101.5625 44.9365234375
404101.5625 44.9365234375
213867.1875 81.0595703125
213867.1875 44.9365234375
304101.5625 13.5595703125
313867.1875 13.5595703125
304101.5625 67.4365234375
304101.5625 67.4365234375
313867.1875 13.5595703125
313867.1875 67.4365234375
104101.5625 58.5595703125
113867.1875 58.5595703125
104101.5625 22.4365234375
104101.5625 22.4365234375
113867.1875 58.5595703125
113867.1875 22.4365234375
105664.0625 51.1767578125
421679.6875 51.1767578125
105664.0625 72.0068359375
105664.0625 72.0068359375
421679.6875 51.1767578125
421679.6875 72.0068359375
305664.0625 96.1767578125
221679.6875 96.1767578125
305664.0625 27.0068359375
305664.0625 27.0068359375
221679.6875 96.1767578125
221679.6875 27.0068359375
405664.0625 28.6767578125
321679.6875 28.6767578125
405664.0625 94.5068359375
405664.0625 94.5068359375
321679.6875 28.6767578125
321679.6875 94.5068359375
205664.0625 73.6767578125
121679.6875 73.6767578125
205664.0625 49.5068359375
205664.0625 49.5068359375
121679.6875 73.6767578125
121679.6875 49.5068359375
255664.0625 17.4267578125
271679.6875 17.4267578125
255664.0625 38.2568359375
255664.0625 38.2568359375
271679.6875 17.4267578125
271679.6875 38.2568359375
455664.0625 62.4267578125
471679.6875 62.4267578125
455664.0625 83.2568359375
455664.0625 83.2568359375
471679.6875 62.4267578125
471679.6875 83.2568359375
355664.0625 39.9267578125
171679.6875 39.9267578125
355664.0625 15.7568359375
355664.0625 15.7568359375
171679.6875 39.9267578125
171679.6875 15.7568359375
155664.0625 84.9267578125
371679.6875 84.9267578125
155664.0625 60.7568359375
155664.0625 60.7568359375
371679.6875 84.9267578125
371679.6875 60.7568359375
180664.0625 23.0517578125
196679.6875 23.0517578125
180664.0625 77.6318359375
180664.0625 77.6318359375
196679.6875 23.0517578125
196679.6875 77.6318359375
380664.0625 68.0517578125
396679.6875 68.0517578125
380664.0625 32.6318359375
380664.0625 32.6318359375
396679.6875 68.0517578125
396679.6875 32.6318359375
480664.0625 45.5517578125
296679.6875 45.5517578125
480664.0625 55.1318359375
480664.0625 55.1318359375
296679.6875 45.5517578125
296679.6875 55.1318359375
280664.0625 90.5517578125
496679.6875 90.5517578125
280664.0625 10.1318359375
280664.0625 10.1318359375
496679.6875 90.5517578125
496679.6875 10.1318359375
230664.0625 34.3017578125
346679.6875 34.3017578125
230664.0625 21.3818359375
230664.0625 21.3818359375
346679.6875 34.3017578125
346679.6875 21.3818359375
430664.0625 79.3017578125
146679.6875 79.3017578125
430664.0625 66.3818359375
430664.0625 66.3818359375
146679.6875 79.3017578125
146679.6875 66.3818359375
330664.0625 11.8017578125
446679.6875 11.8017578125
330664.0625 43.8818359375
330664.0625 43.8818359375
446679.6875 11.8017578125
446679.6875 43.8818359375
130664.0625 56.8017578125
246679.6875 56.8017578125
130664.0625 88.8818359375
130664.0625 88.8818359375
246679.6875 56.8017578125
246679.6875 88.8818359375
143164.0625 14.6142578125
384179.6875 14.6142578125
143164.0625 18.5693359375
143164.0625 18.5693359375
384179.6875 14.6142578125
384179.6875 18.5693359375
343164.0625 59.6142578125
184179.6875 59.6142578125
343164.0625 63.5693359375
343164.0625 63.5693359375
184179.6875 59.6142578125
184179.6875 63.5693359375
443164.0625 37.1142578125
484179.6875 37.1142578125
443164.0625 41.0693359375
443164.0625 41.0693359375
484179.6875 37.1142578125
484179.6875 41.0693359375
243164.0625 82.1142578125
284179.6875 82.1142578125
243164.0625 86.0693359375
243164.0625 86.0693359375
284179.6875 82.1142578125
284179.6875 86.0693359375
293164.0625 48.3642578125
134179.6875 48.3642578125
293164.0625 97.3193359375
293164.0625 97.3193359375
134179.6875 48.3642578125
134179.6875 97.3193359375
493164.0625 93.3642578125
334179.6875 93.3642578125
493164.0625 52.3193359375
493164.0625 52.3193359375
334179.6875 93.3642578125
334179.6875 52.3193359375
393164.0625 25.8642578125
234179.6875 25.8642578125
393164.0625 74.8193359375
393164.0625 74.8193359375
234179.6875 25.8642578125
234179.6875 74.8193359375
193164.0625 70.8642578125
434179.6875 70.8642578125
193164.0625 29.8193359375
193164.0625 29.8193359375
434179.6875 70.8642578125
434179.6875 29.8193359375
168164.0625 42.7392578125
209179.6875 42.7392578125
168164.0625 46.6943359375
168164.0625 46.6943359375
209179.6875 42.7392578125
209179.6875 46.6943359375
368164.0625 87.7392578125
409179.6875 87.7392578125
368164.0625 91.6943359375
368164.0625 91.6943359375
409179.6875 87.7392578125
409179.6875 91.6943359375
468164.0625 20.2392578125
109179.6875 20.2392578125
468164.0625 24.1943359375
468164.0625 24.1943359375
109179.6875 20.2392578125
109179.6875 24.1943359375
268164.0625 65.2392578125
309179.6875 65.2392578125
268164.0625 69.1943359375
268164.0625 69.1943359375
309179.6875 65.2392578125
309179.6875 69.1943359375
218164.0625 31.4892578125
459179.6875 31.4892578125
218164.0625 57.9443359375
218164.0625 57.9443359375
459179.6875 31.4892578125
459179.6875 57.9443359375
418164.0625 76.4892578125
259179.6875 76.4892578125
418164.0625 12.9443359375
418164.0625 12.9443359375
259179.6875 76.4892578125
259179.6875 12.9443359375
318164.0625 53.9892578125
359179.6875 53.9892578125
318164.0625 80.4443359375
318164.0625 80.4443359375
359179.6875 53.9892578125
359179.6875 80.4443359375
118164.0625 98.9892578125
159179.6875 98.9892578125
118164.0625 35.4443359375
118164.0625 35.4443359375
159179.6875 98.9892578125
159179.6875 35.4443359375
124414.0625 27.2705078125
290429.6875 27.2705078125
124414.0625 31.2255859375
124414.0625 31.2255859375
290429.6875 27.2705078125
290429.6875 31.2255859375
324414.0625 72.2705078125
490429.6875 72.2705078125
324414.0625 76.2255859375
324414.0625 76.2255859375
490429.6875 72.2705078125
490429.6875 76.2255859375
424414.0625 49.7705078125
190429.6875 49.7705078125
424414.0625 53.7255859375
424414.0625 53.7255859375
190429.6875 49.7705078125
190429.6875 53.7255859375
224414.0625 94.7705078125
390429.6875 94.7705078125
224414.0625 98.7255859375
224414.0625 98.7255859375
390429.6875 94.7705078125
390429.6875 98.7255859375
274414.0625 38.5205078125
440429.6875 38.5205078125
274414.0625 87.4755859375
274414.0625 87.4755859375
440429.6875 38.5205078125
440429.6875 87.4755859375
474414.0625 83.5205078125
240429.6875 83.5205078125
474414.0625 42.4755859375
474414.0625 42.4755859375
240429.6875 83.5205078125
240429.6875 42.4755859375
374414.0625 16.0205078125
340429.6875 16.0205078125
374414.0625 64.9755859375
374414.0625 64.9755859375
340429.6875 16.0205078125
340429.6875 64.9755859375
174414.0625 61.0205078125
140429.6875 61.0205078125
174414.0625 19.9755859375
174414.0625 19.9755859375
140429.6875 61.0205078125
140429.6875 19.9755859375
199414.0625 44.1455078125
315429.6875 44.1455078125
199414.0625 36.8505859375
199414.0625 36.8505859375
315429.6875 44.1455078125
315429.6875 36.8505859375
399414.0625 89.1455078125
115429.6875 89.1455078125
399414.0625 81.8505859375
399414.0625 81.8505859375
115429.6875 89.1455078125
115429.6875 81.8505859375
499414.0625 21.6455078125
415429.6875 21.6455078125
499414.0625 14.3505859375
499414.0625 14.3505859375
415429.6875 21.6455078125
415429.6875 14.3505859375
299414.0625 66.6455078125
215429.6875 66.6455078125
299414.0625 59.3505859375
299414.0625 59.3505859375
215429.6875 66.6455078125
215429.6875 59.3505859375
249414.0625 10.3955078125
165429.6875 10.3955078125
249414.0625 70.6005859375
249414.0625 70.6005859375
165429.6875 10.3955078125
165429.6875 70.6005859375
449414.0625 55.3955078125
365429.6875 55.3955078125
449414.0625 25.6005859375
449414.0625 25.6005859375
365429.6875 55.3955078125
365429.6875 25.6005859375
349414.0625 32.8955078125
265429.6875 32.8955078125
349414.0625 93.1005859375
349414.0625 93.1005859375
265429.6875 32.8955078125
265429.6875 93.1005859375
149414.0625 77.8955078125
465429.6875 77.8955078125
149414.0625 48.1005859375
149414.0625 48.1005859375
465429.6875 77.8955078125
465429.6875 48.1005859375
136914.0625 35.7080078125
102929.6875 35.7080078125
136914.0625 62.1630859375
136914.0625 62.1630859375
102929.6875 35.7080078125
102929.6875 62.1630859375
336914.0625 80.7080078125
302929.6875 80.7080078125
336914.0625 17.1630859375
336914.0625 17.1630859375
302929.6875 80.7080078125
302929.6875 17.1630859375
436914.0625 13.2080078125
202929.6875 13.2080078125
436914.0625 84.6630859375
436914.0625 84.6630859375
202929.6875 13.2080078125
202929.6875 84.6630859375
236914.0625 58.2080078125
402929.6875 58.2080078125
236914.0625 39.6630859375
236914.0625 39.6630859375
402929.6875 58.2080078125
402929.6875 39.6630859375
286914.0625 24.4580078125
352929.6875 24.4580078125
286914.0625 50.9130859375
286914.0625 50.9130859375
352929.6875 24.4580078125
352929.6875 50.9130859375
486914.0625 69.4580078125
152929.6875 69.4580078125
486914.0625 95.9130859375
486914.0625 95.9130859375
152929.6875 69.4580078125
152929.6875 95.9130859375
386914.0625 46.9580078125
452929.6875 46.9580078125
386914.0625 28.4130859375
386914.0625 28.4130859375
452929.6875 46.9580078125
452929.6875 28.4130859375
186914.0625 91.9580078125
252929.6875 91.9580078125
186914.0625 73.4130859375
186914.0625 73.4130859375
252929.6875 91.9580078125
252929.6875 73.4130859375
161914.0625 18.8330078125
477929.6875 18.8330078125
161914.0625 90.2880859375
161914.0625 90.2880859375
477929.6875 18.8330078125
477929.6875 90.2880859375
361914.0625 63.8330078125
277929.6875 63.8330078125
361914.0625 45.2880859375
361914.0625 45.2880859375
277929.6875 63.8330078125
277929.6875 45.2880859375
461914.0625 41.3330078125
377929.6875 41.3330078125
461914.0625 67.7880859375
461914.0625 67.7880859375
377929.6875 41.3330078125
377929.6875 67.7880859375
261914.0625 86.3330078125
177929.6875 86.3330078125
261914.0625 22.7880859375
261914.0625 22.7880859375
177929.6875 86.3330078125
177929.6875 22.7880859375
211914.0625 52.5830078125
227929.6875 52.5830078125
211914.0625 11.5380859375
211914.0625 11.5380859375
227929.6875 52.5830078125
227929.6875 11.5380859375
411914.0625 97.5830078125
427929.6875 97.5830078125
411914.0625 56.5380859375
411914.0625 56.5380859375
427929.6875 97.5830078125
427929.6875 56.5380859375
311914.0625 30.0830078125
127929.6875 30.0830078125
311914.0625 34.0380859375
311914.0625 34.0380859375
127929.6875 30.0830078125
127929.6875 34.0380859375
111914.0625 75.0830078125
327929.6875 75.0830078125
111914.0625 79.0380859375
111914.0625 79.0380859375
327929.6875 75.0830078125
327929.6875 79.0380859375
108789.0625 16.7236328125
149804.6875 16.7236328125
108789.0625 45.9912109375
108789.0625 45.9912109375
149804.6875 16.7236328125
149804.6875 45.9912109375
308789.0625 61.7236328125
349804.6875 61.7236328125
308789.0625 90.9912109375
308789.0625 90.9912109375
349804.6875 61.7236328125
349804.6875 90.9912109375
408789.0625 39.2236328125
249804.6875 39.2236328125
408789.0625 23.4912109375
408789.0625 23.4912109375
249804.6875 39.2236328125
249804.6875 23.4912109375
208789.0625 84.2236328125
449804.6875 84.2236328125
208789.0625 68.4912109375
208789.0625 68.4912109375
449804.6875 84.2236328125
449804.6875 68.4912109375
258789.0625 50.4736328125
399804.6875 50.4736328125
258789.0625 57.2412109375
258789.0625 57.2412109375
399804.6875 50.4736328125
399804.6875 57.2412109375
458789.0625 95.4736328125
199804.6875 95.4736328125
458789.0625 12.2412109375
458789.0625 12.2412109375
199804.6875 95.4736328125
199804.6875 12.2412109375
358789.0625 27.9736328125
499804.6875 27.9736328125
358789.0625 79.7412109375
358789.0625 79.7412109375
499804.6875 27.9736328125
499804.6875 79.7412109375
158789.0625 72.9736328125
299804.6875 72.9736328125
158789.0625 34.7412109375
158789.0625 34.7412109375
299804.6875 72.9736328125
299804.6875 34.7412109375
183789.0625 33.5986328125
474804.6875 33.5986328125
183789.0625 17.8662109375
183789.0625 17.8662109375
474804.6875 33.5986328125
474804.6875 17.8662109375
383789.0625 78.5986328125
274804.6875 78.5986328125
383789.0625 62.8662109375
383789.0625 62.8662109375
274804.6875 78.5986328125
274804.6875 62.8662109375
483789.0625 11.0986328125
374804.6875 11.0986328125
483789.0625 40.3662109375
483789.0625 40.3662109375
374804.6875 11.0986328125
374804.6875 40.3662109375
283789.0625 56.0986328125
174804.6875 56.0986328125
283789.0625 85.3662109375
283789.0625 85.3662109375
174804.6875 56.0986328125
174804.6875 85.3662109375
233789.0625 22.3486328125
224804.6875 22.3486328125
233789.0625 96.6162109375
233789.0625 96.6162109375
224804.6875 22.3486328125
224804.6875 96.6162109375
433789.0625 67.3486328125
424804.6875 67.3486328125
433789.0625 51.6162109375
433789.0625 51.6162109375
424804.6875 67.3486328125
424804.6875 51.6162109375
333789.0625 44.8486328125
124804.6875 44.8486328125
333789.0625 74.1162109375
333789.0625 74.1162109375
124804.6875 44.8486328125
124804.6875 74.1162109375
133789.0625 89.8486328125
324804.6875 89.8486328125
133789.0625 29.1162109375
133789.0625 29.1162109375
324804.6875 89.8486328125
324804.6875 29.1162109375
146289.0625 47.6611328125
262304.6875 47.6611328125
146289.0625 82.5537109375
146289.0625 82.5537109375
262304.6875 47.6611328125
262304.6875 82.5537109375
346289.0625 92.6611328125
462304.6875 92.6611328125
346289.0625 37.5537109375
346289.0625 37.5537109375
462304.6875 92.6611328125
462304.6875 37.5537109375
446289.0625 25.1611328125
162304.6875 25.1611328125
446289.0625 60.0537109375
446289.0625 60.0537109375
162304.6875 25.1611328125
162304.6875 60.0537109375
246289.0625 70.1611328125
362304.6875 70.1611328125
246289.0625 15.0537109375
246289.0625 15.0537109375
362304.6875 70.1611328125
362304.6875 15.0537109375
296289.0625 13.9111328125
412304.6875 13.9111328125
296289.0625 26.3037109375
296289.0625 26.3037109375
412304.6875 13.9111328125
412304.6875 26.3037109375
496289.0625 58.9111328125
212304.6875 58.9111328125
496289.0625 71.3037109375
496289.0625 71.3037109375
212304.6875 58.9111328125
212304.6875 71.3037109375
396289.0625 36.4111328125
312304.6875 36.4111328125
396289.0625 48.8037109375
396289.0625 48.8037109375
312304.6875 36.4111328125
312304.6875 48.8037109375
196289.0625 81.4111328125
112304.6875 81.4111328125
196289.0625 93.8037109375
196289.0625 93.8037109375
112304.6875 81.4111328125
112304.6875 93.8037109375
171289.0625 30.7861328125
337304.6875 30.7861328125
171289.0625 76.9287109375
171289.0625 76.9287109375
337304.6875 30.7861328125
337304.6875 76.9287109375
371289.0625 75.7861328125
137304.6875 75.7861328125
371289.0625 31.9287109375
371289.0625 31.9287109375
137304.6875 75.7861328125
137304.6875 31.9287109375
471289.0625 53.2861328125
437304.6875 53.2861328125
471289.0625 99.4287109375
471289.0625 99.4287109375
437304.6875 53.2861328125
437304.6875 99.4287109375
271289.0625 98.2861328125
237304.6875 98.2861328125
271289.0625 54.4287109375
271289.0625 54.4287109375
237304.6875 98.2861328125
237304.6875 54.4287109375
221289.0625 42.0361328125
187304.6875 42.0361328125
221289.0625 43.1787109375
221289.0625 43.1787109375
187304.6875 42.0361328125
187304.6875 43.1787109375
421289.0625 87.0361328125
387304.6875 87.0361328125
421289.0625 88.1787109375
421289.0625 88.1787109375
387304.6875 87.0361328125
387304.6875 88.1787109375
321289.0625 19.5361328125
287304.6875 19.5361328125
321289.0625 20.6787109375
321289.0625 20.6787109375
287304.6875 19.5361328125
287304.6875 20.6787109375
121289.0625 64.5361328125
487304.6875 64.5361328125
121289.0625 65.6787109375
121289.0625 65.6787109375
487304.6875 64.5361328125
487304.6875 65.6787109375
115039.0625 40.6298828125
368554.6875 40.6298828125
115039.0625 92.3974609375
115039.0625 92.3974609375
368554.6875 40.6298828125
368554.6875 92.3974609375
315039.0625 85.6298828125
168554.6875 85.6298828125
315039.0625 47.3974609375
315039.0625 47.3974609375
168554.6875 85.6298828125
168554.6875 47.3974609375
415039.0625 18.1298828125
468554.6875 18.1298828125
415039.0625 69.8974609375
415039.0625 69.8974609375
468554.6875 18.1298828125
468554.6875 69.8974609375
215039.0625 63.1298828125
268554.6875 63.1298828125
215039.0625 24.8974609375
215039.0625 24.8974609375
268554.6875 63.1298828125
268554.6875 24.8974609375
265039.0625 29.3798828125
118554.6875 29.3798828125
265039.0625 13.6474609375
265039.0625 13.6474609375
118554.6875 29.3798828125
118554.6875 13.6474609375
465039.0625 74.3798828125
318554.6875 74.3798828125
465039.0625 58.6474609375
465039.0625 58.6474609375
318554.6875 74.3798828125
318554.6875 58.6474609375
365039.0625 51.8798828125
218554.6875 51.8798828125
365039.0625 36.1474609375
365039.0625 36.1474609375
218554.6875 51.8798828125
218554.6875 36.1474609375
165039.0625 96.8798828125
418554.6875 96.8798828125
165039.0625 81.1474609375
165039.0625 81.1474609375
418554.6875 96.8798828125
418554.6875 81.1474609375
190039.0625 12.5048828125
243554.6875 12.5048828125
190039.0625 64.2724609375
190039.0625 64.2724609375
243554.6875 12.5048828125
243554.6875 64.2724609375
390039.0625 57.5048828125
443554.6875 57.5048828125
390039.0625 19.2724609375
390039.0625 19.2724609375
443554.6875 57.5048828125
443554.6875 19.2724609375
490039.0625 35.0048828125
143554.6875 35.0048828125
490039.0625 86.7724609375
490039.0625 86.7724609375
143554.6875 35.0048828125
143554.6875 86.7724609375
290039.0625 80.0048828125
343554.6875 80.0048828125
290039.0625 41.7724609375
290039.0625 41.7724609375
343554.6875 80.0048828125
343554.6875 41.7724609375
240039.0625 46.2548828125
493554.6875 46.2548828125
240039.0625 53.0224609375
240039.0625 53.0224609375
493554.6875 46.2548828125
493554.6875 53.0224609375
440039.0625 91.2548828125
293554.6875 91.2548828125
440039.0625 98.0224609375
440039.0625 98.0224609375
293554.6875 91.2548828125
293554.6875 98.0224609375
340039.0625 23.7548828125
393554.6875 23.7548828125
340039.0625 30.5224609375
340039.0625 30.5224609375
393554.6875 23.7548828125
393554.6875 30.5224609375
140039.0625 68.7548828125
193554.6875 68.7548828125
140039.0625 75.5224609375
140039.0625 75.5224609375
193554.6875 68.7548828125
193554.6875 75.5224609375
127539.0625 26.5673828125
431054.6875 26.5673828125
127539.0625 33.3349609375
127539.0625 33.3349609375
431054.6875 26.5673828125
431054.6875 33.3349609375
327539.0625 71.5673828125
231054.6875 71.5673828125
327539.0625 78.3349609375
327539.0625 78.3349609375
231054.6875 71.5673828125
231054.6875 78.3349609375
427539.0625 49.0673828125
331054.6875 49.0673828125
427539.0625 10.8349609375
427539.0625 10.8349609375
331054.6875 49.0673828125
331054.6875 10.8349609375
227539.0625 94.0673828125
131054.6875 94.0673828125
227539.0625 55.8349609375
227539.0625 55.8349609375
131054.6875 94.0673828125
131054.6875 55.8349609375
277539.0625 37.8173828125
281054.6875 37.8173828125
277539.0625 67.0849609375
277539.0625 67.0849609375
281054.6875 37.8173828125
281054.6875 67.0849609375
477539.0625 82.8173828125
481054.6875 82.8173828125
477539.0625 22.0849609375
477539.0625 22.0849609375
481054.6875 82.8173828125
481054.6875 22.0849609375
377539.0625 15.3173828125
181054.6875 15.3173828125
377539.0625 89.5849609375
377539.0625 89.5849609375
181054.6875 15.3173828125
181054.6875 89.5849609375
177539.0625 60.3173828125
381054.6875 60.3173828125
177539.0625 44.5849609375
177539.0625 44.5849609375
381054.6875 60.3173828125
381054.6875 44.5849609375
152539.0625 54.6923828125
156054.6875 54.6923828125
152539.0625 27.7099609375
152539.0625 27.7099609375
156054.6875 54.6923828125
156054.6875 27.7099609375
352539.0625 99.6923828125
356054.6875 99.6923828125
352539.0625 72.7099609375
352539.0625 72.7099609375
356054.6875 99.6923828125
356054.6875 72.7099609375
452539.0625 32.1923828125
256054.6875 32.1923828125
452539.0625 50.2099609375
452539.0625 50.2099609375
256054.6875 32.1923828125
256054.6875 50.2099609375
252539.0625 77.1923828125
456054.6875 77.1923828125
252539.0625 95.2099609375
252539.0625 95.2099609375
456054.6875 77.1923828125
456054.6875 95.2099609375
202539.0625 20.9423828125
306054.6875 20.9423828125
202539.0625 83.9599609375
202539.0625 83.9599609375
306054.6875 20.9423828125
306054.6875 83.9599609375
402539.0625 65.9423828125
106054.6875 65.9423828125
402539.0625 38.9599609375
402539.0625 38.9599609375
106054.6875 65.9423828125
106054.6875 38.9599609375
302539.0625 43.4423828125
406054.6875 43.4423828125
302539.0625 61.4599609375
302539.0625 61.4599609375
406054.6875 43.4423828125
406054.6875 61.4599609375
102539.0625 88.4423828125
206054.6875 88.4423828125
102539.0625 16.4599609375
102539.0625 16.4599609375
206054.6875 88.4423828125
206054.6875 16.4599609375
101757.8125 43.6181640625
167773.4375 43.6181640625
101757.8125 81.3232421875
101757.8125 81.3232421875
167773.4375 43.6181640625
167773.4375 81.3232421875
301757.8125 88.6181640625
367773.4375 88.6181640625
301757.8125 36.3232421875
301757.8125 36.3232421875
367773.4375 88.6181640625
367773.4375 36.3232421875
401757.8125 21.1181640625
267773.4375 21.1181640625
401757.8125 58.8232421875
401757.8125 58.8232421875
267773.4375 21.1181640625
267773.4375 58.8232421875
201757.8125 66.1181640625
467773.4375 66.1181640625
201757.8125 13.8232421875
201757.8125 13.8232421875
467773.4375 66.1181640625
467773.4375 13.8232421875
251757.8125 32.3681640625
317773.4375 32.3681640625
251757.8125 25.0732421875
251757.8125 25.0732421875
317773.4375 32.3681640625
317773.4375 25.0732421875
451757.8125 77.3681640625
117773.4375 77.3681640625
451757.8125 70.0732421875
451757.8125 70.0732421875
117773.4375 77.3681640625
117773.4375 70.0732421875
351757.8125 54.8681640625
417773.4375 54.8681640625
351757.8125 47.5732421875
351757.8125 47.5732421875
417773.4375 54.8681640625
417773.4375 47.5732421875
151757.8125 99.8681640625
217773.4375 99.8681640625
151757.8125 92.5732421875
151757.8125 92.5732421875
217773.4375 99.8681640625
217773.4375 92.5732421875
176757.8125 15.4931640625
442773.4375 15.4931640625
176757.8125 75.6982421875
176757.8125 75.6982421875
442773.4375 15.4931640625
442773.4375 75.6982421875
376757.8125 60.4931640625
242773.4375 60.4931640625
376757.8125 30.6982421875
376757.8125 30.6982421875
242773.4375 60.4931640625
242773.4375 30.6982421875
476757.8125 37.9931640625
342773.4375 37.9931640625
476757.8125 98.1982421875
476757.8125 98.1982421875
342773.4375 37.9931640625
342773.4375 98.1982421875
276757.8125 82.9931640625
142773.4375 82.9931640625
276757.8125 53.1982421875
276757.8125 53.1982421875
142773.4375 82.9931640625
142773.4375 53.1982421875
226757.8125 49.2431640625
292773.4375 49.2431640625
226757.8125 41.9482421875
226757.8125 41.9482421875
292773.4375 49.2431640625
292773.4375 41.9482421875
426757.8125 94.2431640625
492773.4375 94.2431640625
426757.8125 86.9482421875
426757.8125 86.9482421875
492773.4375 94.2431640625
492773.4375 86.9482421875
326757.8125 26.7431640625
192773.4375 26.7431640625
326757.8125 19.4482421875
326757.8125 19.4482421875
192773.4375 26.7431640625
192773.4375 19.4482421875
126757.8125 71.7431640625
392773.4375 71.7431640625
126757.8125 64.4482421875
126757.8125 64.4482421875
392773.4375 71.7431640625
392773.4375 64.4482421875
139257.8125 23.9306640625
230273.4375 23.9306640625
139257.8125 44.7607421875
139257.8125 44.7607421875
230273.4375 23.9306640625
230273.4375 44.7607421875
339257.8125 68.9306640625
430273.4375 68.9306640625
339257.8125 89.7607421875
339257.8125 89.7607421875
430273.4375 68.9306640625
430273.4375 89.7607421875
439257.8125 46.4306640625
130273.4375 46.4306640625
439257.8125 22.2607421875
439257.8125 22.2607421875
130273.4375 46.4306640625
130273.4375 22.2607421875
239257.8125 91.4306640625
330273.4375 91.4306640625
239257.8125 67.2607421875
239257.8125 67.2607421875
330273.4375 91.4306640625
330273.4375 67.2607421875
289257.8125 35.1806640625
480273.4375 35.1806640625
289257.8125 56.0107421875
289257.8125 56.0107421875
480273.4375 35.1806640625
480273.4375 56.0107421875
489257.8125 80.1806640625
280273.4375 80.1806640625
489257.8125 11.0107421875
489257.8125 11.0107421875
280273.4375 80.1806640625
280273.4375 11.0107421875
389257.8125 12.6806640625
380273.4375 12.6806640625
389257.8125 78.5107421875
389257.8125 78.5107421875
380273.4375 12.6806640625
380273.4375 78.5107421875
189257.8125 57.6806640625
180273.4375 57.6806640625
189257.8125 33.5107421875
189257.8125 33.5107421875
180273.4375 57.6806640625
180273.4375 33.5107421875
164257.8125 52.0556640625
355273.4375 52.0556640625
164257.8125 16.6357421875
164257.8125 16.6357421875
355273.4375 52.0556640625
355273.4375 16.6357421875
364257.8125 97.0556640625
155273.4375 97.0556640625
364257.8125 61.6357421875
364257.8125 61.6357421875
155273.4375 97.0556640625
155273.4375 61.6357421875
464257.8125 29.5556640625
455273.4375 29.5556640625
464257.8125 39.1357421875
464257.8125 39.1357421875
455273.4375 29.5556640625
455273.4375 39.1357421875
264257.8125 74.5556640625
255273.4375 74.5556640625
264257.8125 84.1357421875
264257.8125 84.1357421875
255273.4375 74.5556640625
255273.4375 84.1357421875
214257.8125 18.3056640625
105273.4375 18.3056640625
214257.8125 95.3857421875
214257.8125 95.3857421875
105273.4375 18.3056640625
105273.4375 95.3857421875
414257.8125 63.3056640625
305273.4375 63.3056640625
414257.8125 50.3857421875
414257.8125 50.3857421875
305273.4375 63.3056640625
305273.4375 50.3857421875
314257.8125 40.8056640625
205273.4375 40.8056640625
314257.8125 72.8857421875
314257.8125 72.8857421875
205273.4375 40.8056640625
205273.4375 72.8857421875
114257.8125 85.8056640625
405273.4375 85.8056640625
114257.8125 27.8857421875
114257.8125 27.8857421875
405273.4375 85.8056640625
405273.4375 27.8857421875
120507.8125 19.7119140625
349023.4375 19.7119140625
120507.8125 34.9169921875
120507.8125 34.9169921875
349023.4375 19.7119140625
349023.4375 34.9169921875
320507.8125 64.7119140625
149023.4375 64.7119140625
320507.8125 79.9169921875
320507.8125 79.9169921875
149023.4375 64.7119140625
149023.4375 79.9169921875
420507.8125 42.2119140625
449023.4375 42.2119140625
420507.8125 12.4169921875
420507.8125 12.4169921875
449023.4375 42.2119140625
449023.4375 12.4169921875
220507.8125 87.2119140625
249023.4375 87.2119140625
220507.8125 57.4169921875
220507.8125 57.4169921875
249023.4375 87.2119140625
249023.4375 57.4169921875
270507.8125 53.4619140625
199023.4375 53.4619140625
270507.8125 68.6669921875
270507.8125 68.6669921875
199023.4375 53.4619140625
199023.4375 68.6669921875
470507.8125 98.4619140625
399023.4375 98.4619140625
470507.8125 23.6669921875
470507.8125 23.6669921875
399023.4375 98.4619140625
399023.4375 23.6669921875
370507.8125 30.9619140625
299023.4375 30.9619140625
370507.8125 91.1669921875
370507.8125 91.1669921875
299023.4375 30.9619140625
299023.4375 91.1669921875
170507.8125 75.9619140625
499023.4375 75.9619140625
170507.8125 46.1669921875
170507.8125 46.1669921875
499023.4375 75.9619140625
499023.4375 46.1669921875
195507.8125 36.5869140625
274023.4375 36.5869140625
195507.8125 29.2919921875
195507.8125 29.2919921875
274023.4375 36.5869140625
274023.4375 29.2919921875
395507.8125 81.5869140625
474023.4375 81.5869140625
395507.8125 74.2919921875
395507.8125 74.2919921875
474023.4375 81.5869140625
474023.4375 74.2919921875
495507.8125 14.0869140625
174023.4375 14.0869140625
495507.8125 51.7919921875
495507.8125 51.7919921875
174023.4375 14.0869140625
174023.4375 51.7919921875
295507.8125 59.0869140625
374023.4375 59.0869140625
295507.8125 96.7919921875
295507.8125 96.7919921875
374023.4375 59.0869140625
374023.4375 96.7919921875
245507.8125 25.3369140625
424023.4375 25.3369140625
245507.8125 85.5419921875
245507.8125 85.5419921875
424023.4375 25.3369140625
424023.4375 85.5419921875
445507.8125 70.3369140625
224023.4375 70.3369140625
445507.8125 40.5419921875
445507.8125 40.5419921875
224023.4375 70.3369140625
224023.4375 40.5419921875
345507.8125 47.8369140625
324023.4375 47.8369140625
345507.8125 63.0419921875
345507.8125 63.0419921875
324023.4375 47.8369140625
324023.4375 63.0419921875
145507.8125 92.8369140625
124023.4375 92.8369140625
145507.8125 18.0419921875
145507.8125 18.0419921875
124023.4375 92.8369140625
124023.4375 18.0419921875
133007.8125 45.0244140625
461523.4375 45.0244140625
133007.8125 93.9794921875
133007.8125 93.9794921875
461523.4375 45.0244140625
461523.4375 93.9794921875
333007.8125 90.0244140625
261523.4375 90.0244140625
333007.8125 48.9794921875
333007.8125 48.9794921875
261523.4375 90.0244140625
261523.4375 48.9794921875
433007.8125 22.5244140625
361523.4375 22.5244140625
433007.8125 71.4794921875
433007.8125 71.4794921875
361523.4375 22.5244140625
361523.4375 71.4794921875
233007.8125 67.5244140625
161523.4375 67.5244140625
233007.8125 26.4794921875
233007.8125 26.4794921875
161523.4375 67.5244140625
161523.4375 26.4794921875
283007.8125 11.2744140625
211523.4375 11.2744140625
283007.8125 15.2294921875
283007.8125 15.2294921875
211523.4375 11.2744140625
211523.4375 15.2294921875
483007.8125 56.2744140625
411523.4375 56.2744140625
483007.8125 60.2294921875
483007.8125 60.2294921875
411523.4375 56.2744140625
411523.4375 60.2294921875
383007.8125 33.7744140625
111523.4375 33.7744140625
383007.8125 37.7294921875
383007.8125 37.7294921875
111523.4375 33.7744140625
111523.4375 37.7294921875
183007.8125 78.7744140625
311523.4375 78.7744140625
183007.8125 82.7294921875
183007.8125 82.7294921875
311523.4375 78.7744140625
311523.4375 82.7294921875
158007.8125 28.1494140625
136523.4375 28.1494140625
158007.8125 65.8544921875
158007.8125 65.8544921875
136523.4375 28.1494140625
136523.4375 65.8544921875
358007.8125 73.1494140625
336523.4375 73.1494140625
358007.8125 20.8544921875
358007.8125 20.8544921875
336523.4375 73.1494140625
336523.4375 20.8544921875
458007.8125 50.6494140625
236523.4375 50.6494140625
458007.8125 88.3544921875
458007.8125 88.3544921875
236523.4375 50.6494140625
236523.4375 88.3544921875
258007.8125 95.6494140625
436523.4375 95.6494140625
258007.8125 43.3544921875
258007.8125 43.3544921875
436523.4375 95.6494140625
436523.4375 43.3544921875
208007.8125 39.3994140625
386523.4375 39.3994140625
208007.8125 54.6044921875
208007.8125 54.6044921875
386523.4375 39.3994140625
386523.4375 54.6044921875
408007.8125 84.3994140625
186523.4375 84.3994140625
408007.8125 99.6044921875
408007.8125 99.6044921875
186523.4375 84.3994140625
186523.4375 99.6044921875
308007.8125 16.8994140625
486523.4375 16.8994140625
308007.8125 32.1044921875
308007.8125 32.1044921875
486523.4375 16.8994140625
486523.4375 32.1044921875
108007.8125 61.8994140625
286523.4375 61.8994140625
108007.8125 77.1044921875
108007.8125 77.1044921875
286523.4375 61.8994140625
286523.4375 77.1044921875
111132.8125 30.2587890625
489648.4375 30.2587890625
111132.8125 20.1513671875
111132.8125 20.1513671875
489648.4375 30.2587890625
489648.4375 20.1513671875
311132.8125 75.2587890625
289648.4375 75.2587890625
311132.8125 65.1513671875
311132.8125 65.1513671875
289648.4375 75.2587890625
289648.4375 65.1513671875
411132.8125 52.7587890625
389648.4375 52.7587890625
411132.8125 42.6513671875
411132.8125 42.6513671875
389648.4375 52.7587890625
389648.4375 42.6513671875
211132.8125 97.7587890625
189648.4375 97.7587890625
211132.8125 87.6513671875
211132.8125 87.6513671875
189648.4375 97.7587890625
189648.4375 87.6513671875
261132.8125 41.5087890625
239648.4375 41.5087890625
261132.8125 98.9013671875
261132.8125 98.9013671875
239648.4375 41.5087890625
239648.4375 98.9013671875
461132.8125 86.5087890625
439648.4375 86.5087890625
461132.8125 53.9013671875
461132.8125 53.9013671875
439648.4375 86.5087890625
439648.4375 53.9013671875
361132.8125 19.0087890625
139648.4375 19.0087890625
361132.8125 76.4013671875
361132.8125 76.4013671875
139648.4375 19.0087890625
139648.4375 76.4013671875
161132.8125 64.0087890625
339648.4375 64.0087890625
161132.8125 31.4013671875
161132.8125 31.4013671875
339648.4375 64.0087890625
339648.4375 31.4013671875
186132.8125 47.1337890625
114648.4375 47.1337890625
186132.8125 48.2763671875
186132.8125 48.2763671875
114648.4375 47.1337890625
114648.4375 48.2763671875
386132.8125 92.1337890625
314648.4375 92.1337890625
386132.8125 93.2763671875
386132.8125 93.2763671875
314648.4375 92.1337890625
314648.4375 93.2763671875
486132.8125 24.6337890625
214648.4375 24.6337890625
486132.8125 25.7763671875
486132.8125 25.7763671875
214648.4375 24.6337890625
214648.4375 25.7763671875
286132.8125 69.6337890625
414648.4375 69.6337890625
286132.8125 70.7763671875
286132.8125 70.7763671875
414648.4375 69.6337890625
414648.4375 70.7763671875
236132.8125 13.3837890625
364648.4375 13.3837890625
236132.8125 59.5263671875
236132.8125 59.5263671875
364648.4375 13.3837890625
364648.4375 59.5263671875
436132.8125 58.3837890625
164648.4375 58.3837890625
436132.8125 14.5263671875
436132.8125 14.5263671875
164648.4375 58.3837890625
164648.4375 14.5263671875
336132.8125 35.8837890625
464648.4375 35.8837890625
336132.8125 82.0263671875
336132.8125 82.0263671875
464648.4375 35.8837890625
464648.4375 82.0263671875
136132.8125 80.8837890625
264648.4375 80.8837890625
136132.8125 37.0263671875
136132.8125 37.0263671875
264648.4375 80.8837890625
264648.4375 37.0263671875
148632.8125 33.0712890625
302148.4375 33.0712890625
148632.8125 73.5888671875
148632.8125 73.5888671875
302148.4375 33.0712890625
302148.4375 73.5888671875
348632.8125 78.0712890625
102148.4375 78.0712890625
348632.8125 28.5888671875
348632.8125 28.5888671875
102148.4375 78.0712890625
102148.4375 28.5888671875
448632.8125 10.5712890625
402148.4375 10.5712890625
448632.8125 96.0888671875
448632.8125 96.0888671875
402148.4375 10.5712890625
402148.4375 96.0888671875
248632.8125 55.5712890625
202148.4375 55.5712890625
248632.8125 51.0888671875
248632.8125 51.0888671875
202148.4375 55.5712890625
202148.4375 51.0888671875
298632.8125 21.8212890625
152148.4375 21.8212890625
298632.8125 39.8388671875
298632.8125 39.8388671875
152148.4375 21.8212890625
152148.4375 39.8388671875
498632.8125 66.8212890625
352148.4375 66.8212890625
498632.8125 84.8388671875
498632.8125 84.8388671875
352148.4375 66.8212890625
352148.4375 84.8388671875
398632.8125 44.3212890625
252148.4375 44.3212890625
398632.8125 17.3388671875
398632.8125 17.3388671875
252148.4375 44.3212890625
252148.4375 17.3388671875
198632.8125 89.3212890625
452148.4375 89.3212890625
198632.8125 62.3388671875
198632.8125 62.3388671875
452148.4375 89.3212890625
452148.4375 62.3388671875
173632.8125 16.1962890625
277148.4375 16.1962890625
173632.8125 79.2138671875
173632.8125 79.2138671875
277148.4375 16.1962890625
277148.4375 79.2138671875
373632.8125 61.1962890625
477148.4375 61.1962890625
373632.8125 34.2138671875
373632.8125 34.2138671875
477148.4375 61.1962890625
477148.4375 34.2138671875
473632.8125 38.6962890625
177148.4375 38.6962890625
473632.8125 56.7138671875
473632.8125 56.7138671875
177148.4375 38.6962890625
177148.4375 56.7138671875
273632.8125 83.6962890625
377148.4375 83.6962890625
273632.8125 11.7138671875
273632.8125 11.7138671875
377148.4375 83.6962890625
377148.4375 11.7138671875
223632.8125 49.9462890625
427148.4375 49.9462890625
223632.8125 22.9638671875
223632.8125 22.9638671875
427148.4375 49.9462890625
427148.4375 22.9638671875
423632.8125 94.9462890625
227148.4375 94.9462890625
423632.8125 67.9638671875
423632.8125 67.9638671875
227148.4375 94.9462890625
227148.4375 67.9638671875
323632.8125 27.4462890625
327148.4375 27.4462890625
323632.8125 45.4638671875
323632.8125 45.4638671875
327148.4375 27.4462890625
327148.4375 45.4638671875
123632.8125 72.4462890625
127148.4375 72.4462890625
123632.8125 90.4638671875
123632.8125 90.4638671875
127148.4375 72.4462890625
127148.4375 90.4638671875
117382.8125 54.1650390625
220898.4375 54.1650390625
117382.8125 60.9326171875
117382.8125 60.9326171875
220898.4375 54.1650390625
220898.4375 60.9326171875
317382.8125 99.1650390625
420898.4375 99.1650390625
317382.8125 15.9326171875
317382.8125 15.9326171875
420898.4375 99.1650390625
420898.4375 15.9326171875
417382.8125 31.6650390625
120898.4375 31.6650390625
417382.8125 83.4326171875
417382.8125 83.4326171875
120898.4375 31.6650390625
120898.4375 83.4326171875
217382.8125 76.6650390625
320898.4375 76.6650390625
217382.8125 38.4326171875
217382.8125 38.4326171875
320898.4375 76.6650390625
320898.4375 38.4326171875
267382.8125 20.4150390625
470898.4375 20.4150390625
267382.8125 49.6826171875
267382.8125 49.6826171875
470898.4375 20.4150390625
470898.4375 49.6826171875
467382.8125 65.4150390625
270898.4375 65.4150390625
467382.8125 94.6826171875
467382.8125 94.6826171875
270898.4375 65.4150390625
270898.4375 94.6826171875
367382.8125 42.9150390625
370898.4375 42.9150390625
367382.8125 27.1826171875
367382.8125 27.1826171875
370898.4375 42.9150390625
370898.4375 27.1826171875
167382.8125 87.9150390625
170898.4375 87.9150390625
167382.8125 72.1826171875
167382.8125 72.1826171875
170898.4375 87.9150390625
170898.4375 72.1826171875
192382.8125 26.0400390625
395898.4375 26.0400390625
192382.8125 89.0576171875
192382.8125 89.0576171875
395898.4375 26.0400390625
395898.4375 89.0576171875
392382.8125 71.0400390625
195898.4375 71.0400390625
392382.8125 44.0576171875
392382.8125 44.0576171875
195898.4375 71.0400390625
195898.4375 44.0576171875
492382.8125 48.5400390625
495898.4375 48.5400390625
492382.8125 66.5576171875
492382.8125 66.5576171875
495898.4375 48.5400390625
495898.4375 66.5576171875
292382.8125 93.5400390625
295898.4375 93.5400390625
292382.8125 21.5576171875
292382.8125 21.5576171875
295898.4375 93.5400390625
295898.4375 21.5576171875
242382.8125 37.2900390625
145898.4375 37.2900390625
242382.8125 10.3076171875
242382.8125 10.3076171875
145898.4375 37.2900390625
145898.4375 10.3076171875
442382.8125 82.2900390625
345898.4375 82.2900390625
442382.8125 55.3076171875
442382.8125 55.3076171875
345898.4375 82.2900390625
345898.4375 55.3076171875
342382.8125 14.7900390625
245898.4375 14.7900390625
342382.8125 32.8076171875
342382.8125 32.8076171875
245898.4375 14.7900390625
245898.4375 32.8076171875
142382.8125 59.7900390625
445898.4375 59.7900390625
142382.8125 77.8076171875
142382.8125 77.8076171875
445898.4375 59.7900390625
445898.4375 77.8076171875
129882.8125 11.9775390625
183398.4375 11.9775390625
129882.8125 29.9951171875
129882.8125 29.9951171875
183398.4375 11.9775390625
183398.4375 29.9951171875
329882.8125 56.9775390625
383398.4375 56.9775390625
329882.8125 74.9951171875
329882.8125 74.9951171875
383398.4375 56.9775390625
383398.4375 74.9951171875
429882.8125 34.4775390625
283398.4375 34.4775390625
429882.8125 52.4951171875
429882.8125 52.4951171875
283398.4375 34.4775390625
283398.4375 52.4951171875
229882.8125 79.4775390625
483398.4375 79.4775390625
229882.8125 97.4951171875
229882.8125 97.4951171875
483398.4375 79.4775390625
483398.4375 97.4951171875
279882.8125 45.7275390625
333398.4375 45.7275390625
279882.8125 86.2451171875
279882.8125 86.2451171875
333398.4375 45.7275390625
333398.4375 86.2451171875
479882.8125 90.7275390625
133398.4375 90.7275390625
479882.8125 41.2451171875
479882.8125 41.2451171875
133398.4375 90.7275390625
133398.4375 41.2451171875
379882.8125 23.2275390625
433398.4375 23.2275390625
379882.8125 63.7451171875
379882.8125 63.7451171875
433398.4375 23.2275390625
433398.4375 63.7451171875
179882.8125 68.2275390625
233398.4375 68.2275390625
179882.8125 18.7451171875
179882.8125 18.7451171875
233398.4375 68.2275390625
233398.4375 18.7451171875
154882.8125 40.1025390625
408398.4375 40.1025390625
154882.8125 35.6201171875
154882.8125 35.6201171875
408398.4375 40.1025390625
408398.4375 35.6201171875
354882.8125 85.1025390625
208398.4375 85.1025390625
354882.8125 80.6201171875
354882.8125 80.6201171875
208398.4375 85.1025390625
208398.4375 80.6201171875
454882.8125 17.6025390625
308398.4375 17.6025390625
454882.8125 13.1201171875
454882.8125 13.1201171875
308398.4375 17.6025390625
308398.4375 13.1201171875
254882.8125 62.6025390625
108398.4375 62.6025390625
254882.8125 58.1201171875
254882.8125 58.1201171875
108398.4375 62.6025390625
108398.4375 58.1201171875
204882.8125 28.8525390625
258398.4375 28.8525390625
204882.8125 69.3701171875
204882.8125 69.3701171875
258398.4375 28.8525390625
258398.4375 69.3701171875
404882.8125 73.8525390625
458398.4375 73.8525390625
404882.8125 24.3701171875
404882.8125 24.3701171875
458398.4375 73.8525390625
458398.4375 24.3701171875
304882.8125 51.3525390625
158398.4375 51.3525390625
304882.8125 91.8701171875
304882.8125 91.8701171875
158398.4375 51.3525390625
158398.4375 91.8701171875
104882.8125 96.3525390625
358398.4375 96.3525390625
104882.8125 46.8701171875
104882.8125 46.8701171875
358398.4375 96.3525390625
358398.4375 46.8701171875
103320.3125 13.7353515625
250585.9375 13.7353515625
103320.3125 98.5498046875
103320.3125 98.5498046875
250585.9375 13.7353515625
250585.9375 98.5498046875
303320.3125 58.7353515625
450585.9375 58.7353515625
303320.3125 53.5498046875
303320.3125 53.5498046875
450585.9375 58.7353515625
450585.9375 53.5498046875
403320.3125 36.2353515625
150585.9375 36.2353515625
403320.3125 76.0498046875
403320.3125 76.0498046875
150585.9375 36.2353515625
150585.9375 76.0498046875
203320.3125 81.2353515625
350585.9375 81.2353515625
203320.3125 31.0498046875
203320.3125 31.0498046875
350585.9375 81.2353515625
350585.9375 31.0498046875
253320.3125 47.4853515625
400585.9375 47.4853515625
253320.3125 19.7998046875
253320.3125 19.7998046875
400585.9375 47.4853515625
400585.9375 19.7998046875
453320.3125 92.4853515625
200585.9375 92.4853515625
453320.3125 64.7998046875
453320.3125 64.7998046875
200585.9375 92.4853515625
200585.9375 64.7998046875
353320.3125 24.9853515625
300585.9375 24.9853515625
353320.3125 42.2998046875
353320.3125 42.2998046875
300585.9375 24.9853515625
300585.9375 42.2998046875
153320.3125 69.9853515625
100585.9375 69.9853515625
153320.3125 87.2998046875
153320.3125 87.2998046875
100585.9375 69.9853515625
100585.9375 87.2998046875
178320.3125 41.8603515625
325585.9375 41.8603515625
178320.3125 59.1748046875
178320.3125 59.1748046875
325585.9375 41.8603515625
325585.9375 59.1748046875
378320.3125 86.8603515625
125585.9375 86.8603515625
378320.3125 14.1748046875
378320.3125 14.1748046875
125585.9375 86.8603515625
125585.9375 14.1748046875
478320.3125 19.3603515625
425585.9375 19.3603515625
478320.3125 81.6748046875
478320.3125 81.6748046875
425585.9375 19.3603515625
425585.9375 81.6748046875
278320.3125 64.3603515625
225585.9375 64.3603515625
278320.3125 36.6748046875
278320.3125 36.6748046875
225585.9375 64.3603515625
225585.9375 36.6748046875
228320.3125 30.6103515625
175585.9375 30.6103515625
228320.3125 47.9248046875
228320.3125 47.9248046875
175585.9375 30.6103515625
175585.9375 47.9248046875
428320.3125 75.6103515625
375585.9375 75.6103515625
428320.3125 92.9248046875
428320.3125 92.9248046875
375585.9375 75.6103515625
375585.9375 92.9248046875
328320.3125 53.1103515625
275585.9375 53.1103515625
328320.3125 25.4248046875
328320.3125 25.4248046875
275585.9375 53.1103515625
275585.9375 25.4248046875
128320.3125 98.1103515625
475585.9375 98.1103515625
128320.3125 70.4248046875
128320.3125 70.4248046875
475585.9375 98.1103515625
475585.9375 70.4248046875
140820.3125 50.2978515625
138085.9375 50.2978515625
140820.3125 39.4873046875
140820.3125 39.4873046875
138085.9375 50.2978515625
138085.9375 39.4873046875
340820.3125 95.2978515625
338085.9375 95.2978515625
340820.3125 84.4873046875
340820.3125 84.4873046875
338085.9375 95.2978515625
338085.9375 84.4873046875
440820.3125 27.7978515625
238085.9375 27.7978515625
440820.3125 16.9873046875
440820.3125 16.9873046875
238085.9375 27.7978515625
238085.9375 16.9873046875
240820.3125 72.7978515625
438085.9375 72.7978515625
240820.3125 61.9873046875
240820.3125 61.9873046875
438085.9375 72.7978515625
438085.9375 61.9873046875
290820.3125 16.5478515625
388085.9375 16.5478515625
290820.3125 73.2373046875
290820.3125 73.2373046875
388085.9375 16.5478515625
388085.9375 73.2373046875
490820.3125 61.5478515625
188085.9375 61.5478515625
490820.3125 28.2373046875
490820.3125 28.2373046875
188085.9375 61.5478515625
188085.9375 28.2373046875
390820.3125 39.0478515625
488085.9375 39.0478515625
390820.3125 95.7373046875
390820.3125 95.7373046875
488085.9375 39.0478515625
488085.9375 95.7373046875
190820.3125 84.0478515625
288085.9375 84.0478515625
190820.3125 50.7373046875
190820.3125 50.7373046875
288085.9375 84.0478515625
288085.9375 50.7373046875
165820.3125 22.1728515625
463085.9375 22.1728515625
165820.3125 22.6123046875
165820.3125 22.6123046875
463085.9375 22.1728515625
463085.9375 22.6123046875
365820.3125 67.1728515625
263085.9375 67.1728515625
365820.3125 67.6123046875
365820.3125 67.6123046875
263085.9375 67.1728515625
263085.9375 67.6123046875
465820.3125 44.6728515625
363085.9375 44.6728515625
465820.3125 45.1123046875
465820.3125 45.1123046875
363085.9375 44.6728515625
363085.9375 45.1123046875
265820.3125 89.6728515625
163085.9375 89.6728515625
265820.3125 90.1123046875
265820.3125 90.1123046875
163085.9375 89.6728515625
163085.9375 90.1123046875
215820.3125 33.4228515625
213085.9375 33.4228515625
215820.3125 78.8623046875
215820.3125 78.8623046875
213085.9375 33.4228515625
213085.9375 78.8623046875
415820.3125 78.4228515625
413085.9375 78.4228515625
415820.3125 33.8623046875
415820.3125 33.8623046875
413085.9375 78.4228515625
413085.9375 33.8623046875
315820.3125 10.9228515625
113085.9375 10.9228515625
315820.3125 56.3623046875
315820.3125 56.3623046875
113085.9375 10.9228515625
113085.9375 56.3623046875
115820.3125 55.9228515625
313085.9375 55.9228515625
115820.3125 11.3623046875
115820.3125 11.3623046875
313085.9375 55.9228515625
313085.9375 11.3623046875
122070.3125 37.6416015625
431835.9375 37.6416015625
122070.3125 52.1435546875
122070.3125 52.1435546875
431835.9375 37.6416015625
431835.9375 52.1435546875
322070.3125 82.6416015625
231835.9375 82.6416015625
322070.3125 97.1435546875
322070.3125 97.1435546875
231835.9375 82.6416015625
231835.9375 97.1435546875
422070.3125 15.1416015625
331835.9375 15.1416015625
422070.3125 29.6435546875
422070.3125 29.6435546875
331835.9375 15.1416015625
331835.9375 29.6435546875
222070.3125 60.1416015625
131835.9375 60.1416015625
222070.3125 74.6435546875
222070.3125 74.6435546875
131835.9375 60.1416015625
131835.9375 74.6435546875
272070.3125 26.3916015625
281835.9375 26.3916015625
272070.3125 63.3935546875
272070.3125 63.3935546875
281835.9375 26.3916015625
281835.9375 63.3935546875
472070.3125 71.3916015625
481835.9375 71.3916015625
472070.3125 18.3935546875
472070.3125 18.3935546875
481835.9375 71.3916015625
481835.9375 18.3935546875
372070.3125 48.8916015625
181835.9375 48.8916015625
372070.3125 85.8935546875
372070.3125 85.8935546875
181835.9375 48.8916015625
181835.9375 85.8935546875
172070.3125 93.8916015625
381835.9375 93.8916015625
172070.3125 40.8935546875
172070.3125 40.8935546875
381835.9375 93.8916015625
381835.9375 40.8935546875
197070.3125 20.7666015625
156835.9375 20.7666015625
197070.3125 12.7685546875
197070.3125 12.7685546875
156835.9375 20.7666015625
156835.9375 12.7685546875
397070.3125 65.7666015625
356835.9375 65.7666015625
397070.3125 57.7685546875
397070.3125 57.7685546875
356835.9375 65.7666015625
356835.9375 57.7685546875
497070.3125 43.2666015625
256835.9375 43.2666015625
497070.3125 35.2685546875
497070.3125 35.2685546875
256835.9375 43.2666015625
256835.9375 35.2685546875
297070.3125 88.2666015625
456835.9375 88.2666015625
297070.3125 80.2685546875
297070.3125 80.2685546875
456835.9375 88.2666015625
456835.9375 80.2685546875
247070.3125 54.5166015625
306835.9375 54.5166015625
247070.3125 91.5185546875
247070.3125 91.5185546875
306835.9375 54.5166015625
306835.9375 91.5185546875
447070.3125 99.5166015625
106835.9375 99.5166015625
447070.3125 46.5185546875
447070.3125 46.5185546875
106835.9375 99.5166015625
106835.9375 46.5185546875
347070.3125 32.0166015625
406835.9375 32.0166015625
347070.3125 69.0185546875
347070.3125 69.0185546875
406835.9375 32.0166015625
406835.9375 69.0185546875
147070.3125 77.0166015625
206835.9375 77.0166015625
147070.3125 24.0185546875
147070.3125 24.0185546875
206835.9375 77.0166015625
206835.9375 24.0185546875
134570.3125 29.2041015625
369335.9375 29.2041015625
134570.3125 88.7060546875
134570.3125 88.7060546875
369335.9375 29.2041015625
369335.9375 88.7060546875
334570.3125 74.2041015625
169335.9375 74.2041015625
334570.3125 43.7060546875
334570.3125 43.7060546875
169335.9375 74.2041015625
169335.9375 43.7060546875
434570.3125 51.7041015625
469335.9375 51.7041015625
434570.3125 66.2060546875
434570.3125 66.2060546875
469335.9375 51.7041015625
469335.9375 66.2060546875
234570.3125 96.7041015625
269335.9375 96.7041015625
234570.3125 21.2060546875
234570.3125 21.2060546875
269335.9375 96.7041015625
269335.9375 21.2060546875
284570.3125 40.4541015625
119335.9375 40.4541015625
284570.3125 32.4560546875
284570.3125 32.4560546875
119335.9375 40.4541015625
119335.9375 32.4560546875
484570.3125 85.4541015625
319335.9375 85.4541015625
484570.3125 77.4560546875
484570.3125 77.4560546875
319335.9375 85.4541015625
319335.9375 77.4560546875
384570.3125 17.9541015625
219335.9375 17.9541015625
384570.3125 54.9560546875
384570.3125 54.9560546875
219335.9375 17.9541015625
219335.9375 54.9560546875
184570.3125 62.9541015625
419335.9375 62.9541015625
184570.3125 99.9560546875
184570.3125 99.9560546875
419335.9375 62.9541015625
419335.9375 99.9560546875
159570.3125 46.0791015625
244335.9375 46.0791015625
159570.3125 71.8310546875
159570.3125 71.8310546875
244335.9375 46.0791015625
244335.9375 71.8310546875
359570.3125 91.0791015625
444335.9375 91.0791015625
359570.3125 26.8310546875
359570.3125 26.8310546875
444335.9375 91.0791015625
444335.9375 26.8310546875
459570.3125 23.5791015625
144335.9375 23.5791015625
459570.3125 94.3310546875
459570.3125 94.3310546875
144335.9375 23.5791015625
144335.9375 94.3310546875
259570.3125 68.5791015625
344335.9375 68.5791015625
259570.3125 49.3310546875
259570.3125 49.3310546875
344335.9375 68.5791015625
344335.9375 49.3310546875
209570.3125 12.3291015625
494335.9375 12.3291015625
209570.3125 38.0810546875
209570.3125 38.0810546875
494335.9375 12.3291015625
494335.9375 38.0810546875
409570.3125 57.3291015625
294335.9375 57.3291015625
409570.3125 83.0810546875
409570.3125 83.0810546875
294335.9375 57.3291015625
294335.9375 83.0810546875
309570.3125 34.8291015625
394335.9375 34.8291015625
309570.3125 15.5810546875
309570.3125 15.5810546875
394335.9375 34.8291015625
394335.9375 15.5810546875
109570.3125 79.8291015625
194335.9375 79.8291015625
109570.3125 60.5810546875
109570.3125 60.5810546875
194335.9375 79.8291015625
194335.9375 60.5810546875
106445.3125 48.1884765625
378710.9375 48.1884765625
106445.3125 26.1279296875
106445.3125 26.1279296875
378710.9375 48.1884765625
378710.9375 26.1279296875
306445.3125 93.1884765625
178710.9375 93.1884765625
306445.3125 71.1279296875
306445.3125 71.1279296875
178710.9375 93.1884765625
178710.9375 71.1279296875
406445.3125 25.6884765625
478710.9375 25.6884765625
406445.3125 48.6279296875
406445.3125 48.6279296875
478710.9375 25.6884765625
478710.9375 48.6279296875
206445.3125 70.6884765625
278710.9375 70.6884765625
206445.3125 93.6279296875
206445.3125 93.6279296875
278710.9375 70.6884765625
278710.9375 93.6279296875
256445.3125 14.4384765625
128710.9375 14.4384765625
256445.3125 82.3779296875
256445.3125 82.3779296875
128710.9375 14.4384765625
128710.9375 82.3779296875
456445.3125 59.4384765625
328710.9375 59.4384765625
456445.3125 37.3779296875
456445.3125 37.3779296875
328710.9375 59.4384765625
328710.9375 37.3779296875
356445.3125 36.9384765625
228710.9375 36.9384765625
356445.3125 59.8779296875
356445.3125 59.8779296875
228710.9375 36.9384765625
228710.9375 59.8779296875
156445.3125 81.9384765625
428710.9375 81.9384765625
156445.3125 14.8779296875
156445.3125 14.8779296875
428710.9375 81.9384765625
428710.9375 14.8779296875
181445.3125 31.3134765625
203710.9375 31.3134765625
181445.3125 43.0029296875
181445.3125 43.0029296875
203710.9375 31.3134765625
203710.9375 43.0029296875
381445.3125 76.3134765625
403710.9375 76.3134765625
381445.3125 88.0029296875
381445.3125 88.0029296875
403710.9375 76.3134765625
403710.9375 88.0029296875
481445.3125 53.8134765625
103710.9375 53.8134765625
481445.3125 20.5029296875
481445.3125 20.5029296875
103710.9375 53.8134765625
103710.9375 20.5029296875
281445.3125 98.8134765625
303710.9375 98.8134765625
281445.3125 65.5029296875
281445.3125 65.5029296875
303710.9375 98.8134765625
303710.9375 65.5029296875
231445.3125 42.5634765625
453710.9375 42.5634765625
231445.3125 76.7529296875
231445.3125 76.7529296875
453710.9375 42.5634765625
453710.9375 76.7529296875
431445.3125 87.5634765625
253710.9375 87.5634765625
431445.3125 31.7529296875
431445.3125 31.7529296875
253710.9375 87.5634765625
253710.9375 31.7529296875
331445.3125 20.0634765625
353710.9375 20.0634765625
331445.3125 99.2529296875
331445.3125 99.2529296875
353710.9375 20.0634765625
353710.9375 99.2529296875
131445.3125 65.0634765625
153710.9375 65.0634765625
131445.3125 54.2529296875
131445.3125 54.2529296875
153710.9375 65.0634765625
153710.9375 54.2529296875