2800.00 2800.0 2800.0 2800.0 2800.0 9848.0 2800.0 9848.0 2800.0 9848.0 2800.0 2800.0 2800.0 9848.0
24000.0 24000.0 24000.0 24000.0 24000.0 17636.0 24000.0 17636.0 24000.0 17636.0 24000.0 24000.0 24000.0 17636.0
0.0 0.0 0.0 0.0 0.0 0.0 0.0 0.0 0.0 0.0 0.0 0.0 7200.0 0.0
680.0 120.0 177.0 245.0 200.00 564.0 673.56 400.45 629.0 125.0 410.0 982.0 130.0 783.0
110.0 160.0 521.0 360.0 230.0 613.0 465.0 686.0 789.35 123.0 425.0 632.0 712.0 565.0
451.0 183.0 232.0 445.0 546.0 456.0 652.0 459.0 789.0 697.0 654.0 891.0 457.0 589.0
983.00 983.0 983.0 123.0 123.0 71.0 123.0 35.0 123.0 35.0 123.0 123.0 123.0 35.0
1 2 2 3 2 1 1 1 2 2 3 1 2 3
0 1 0 0 1 1 1 1 0 1 0 1 1 1
0 0 0 0 0 0 0 0 0 0 0 0 1 0
14
3.0 2.5 6.54 8.21 6.55 4.31 2.22 8.21 7.65 7.12 4.13 6.12 8.65 8.63
300000
40
1 0 0 0 0 1 1 1 1 1 0 1 1 1
0 0 0 0 0 0 0 0 0 0 0 0 0 0
2 2 2 3 3 1 3 1 4 1 3 4 4 1