5600.00 5600.0 5600.0 5600.0 5600.0 9848.0 5600.0 9848.0 5600.0 9848.0 5600.0 5600.0 5600.0 9848.0
84637.0 84637.0 84637.0 84637.0 84637.0 84637.0 84637.0 84637.0 84637.0 84637.0 84637.0 84637.0 84637.0 84637.0
0.0 0.0 0.0 0.0 0.0 0.0 0.0 0.0 0.0 0.0 0.0 0.0 7200.0 0.0
380.0 220.0 377.0 145.0 270.00 514.0 473.56 340.45 129.0 325.0 440.0 1017.0 150.0 843.0
210.0 360.0 421.0 310.0 290.0 683.0 415.0 696.0 820.35 223.0 473.0 692.0 772.0 590.0
451.0 183.0 232.0 445.0 546.0 456.0 652.0 459.0 789.0 697.0 654.0 891.0 457.0 589.0
1747.00 1747.0 1747.0 1747.0 1747.0 760.0 1747.0 550.0 1747.0 550.0 1747.0 1747.0 1747.0 520.0
1 2 2 3 2 1 1 1 2 2 3 1 2 3
0 0 0 0 0 1 0 1 0 1 0 0 0 1
0 0 0 0 0 0 0 0 0 0 0 0 1 0
14
3.0 2.5 6.54 8.21 6.55 4.31 2.22 8.21 7.65 7.12 4.13 6.12 8.65 8.63
300000
40
1 0 0 0 0 1 0 1 1 1 1 1 1 0
0 0 0 0 0 0 0 0 0 0 0 0 0 0
2 2 2 2 2 1 2 1 2 1 2 2 2 1