5600.00 5600.0 5600.0 5600.0 5600.0 9848.0 5600.0 9848.0 5600.0 9848.0 5600.0 5600.0 5600.0 9848.0
84637.0 84637.0 84637.0 84637.0 84637.0 84637.0 84637.0 84637.0 84637.0 84637.0 84637.0 84637.0 84637.0 84637.0
0.0 0.0 0.0 0.0 0.0 0.0 0.0 0.0 0.0 0.0 0.0 0.0 7200.0 0.0
620.0 172.0 377.0 290.0 270.00 560.0 273.56 440.45 721.0 160.0 365.0 782.0 140.0 680.0
252.0 190.0 560.0 260.0 135.0 550.0 483.0 700.0 610.35 173.0 450.0 673.0 780.0 665.0
451.0 183.0 232.0 445.0 546.0 456.0 652.0 459.0 789.0 697.0 654.0 891.0 457.0 589.0
1350.00 1350.0 1350.0 1350.0 1350.0 70.0 1350.0 46.0 1350.0 46.0 1350.0 1350.0 1350.0 60.0
1 2 2 3 2 1 1 1 2 2 3 1 2 3
0 1 0 0 1 1 1 1 0 1 0 1 1 1
0 0 0 0 0 0 0 0 0 0 0 0 1 0
14
3.0 2.5 6.54 8.21 6.55 4.31 2.22 8.21 7.65 7.12 4.13 6.12 8.65 8.63
300000
40
1 0 0 0 0 1 1 1 1 1 0 1 1 1
0 0 0 0 0 0 0 0 0 0 0 0 0 0
2 2 2 2 2 1 2 1 2 1 2 2 2 1